[Halaman 2]
ii ISBN 978-967-2031-13-0

[Halaman 13]
5 ير. ء ن ا ء كتيادا ير. ء كعذورن كران ساكيت يغ تيدق بوليه مغضوناكن ا ير يغ اد هاث خوكوف اونتوق كفرلوان يغ لبيه فنتيغ. ء ا دالكوكن ستله ماسوق وقتو صالة. مغضوناكن دبو تانه يغ سوخي.

[Halaman 35]
سجود كدوا سرتا طمأنينة (روكون) 27

[Halaman 57]
1 2 3 4 5 6 7 8 9 49

[Halaman 58]
10 11 12 13 14 15 16 17 18 19 20 1 3 2 4 5 6 7 8 9 50

[Halaman 59]
10 12 11 13 14 15 16 17 18 19 20 51

[Halaman 60]
1 3 2 4 5 6 7 1 2 3 4 5 6 7 8 9 52

[Halaman 61]
10 12 11 13 14 15 16 17 8 9 10 11 12 13 14 15 16 17 53

[Halaman 62]
18 19 20 21 22 23 24 25 18 19 20 21 22 23 24 25 26 27 54

[Halaman 63]
26 27 1 3 2 1 2 3 4 5 6 7 8 9 55

[Halaman 64]
6 7 8 9 4 5 10 11 12 10 11 12 13 14 15 16 17 56

[Halaman 65]
13 14 15 16 18 19 20 21 22 17 18 19 20 21 22 23 24 57

[Halaman 66]
23 24 25 26 27 28 29 30 31 32 33 34 25 26 27 58

[Halaman 67]
30 31 32 33 34 28 29 59